
413.93,257.93,546.50,165.48,341.55,520.31,692.89,719.72,279.17,155.36,178.55,68.19,1514.39,229.84,150.35,81.51,171.99,341.57,2
1153.94,408.69,759.07,338.32,1073.32,2065.71,530.54,673.10,370.16,206.84,539.66,169.00,4466.30,975.52,627.60,340.33,673.25,1431.08,2
489.10,207.98,412.93,140.66,356.23,644.56,120.60,217.23,176.74,119.51,263.79,86.97,1973.29,516.88,335.65,191.60,404.47,989.39,2
485.20,190.72,425.16,100.21,255.00,561.26,85.81,157.44,147.21,107.10,281.24,87.96,1583.22,422.24,324.29,174.79,387.18,885.74,2
1436.07,528.57,1056.31,398.07,1148.27,1986.64,619.83,655.54,312.99,129.62,234.26,93.89,2244.05,458.64,228.14,134.45,267.05,528.85,2
403.19,156.21,303.82,124.11,370.14,757.52,328.76,363.70,187.70,121.80,238.28,77.09,2927.82,668.72,400.34,236.13,478.79,1062.42,2
381.72,143.50,267.13,102.97,188.55,244.98,69.58,107.52,146.25,89.63,234.26,81.04,918.96,218.40,208.91,101.68,204.83,464.07,3
234.30,89.00,152.38,63.43,110.50,142.61,60.88,93.81,134.82,113.07,298.69,83.02,1392.78,331.76,320.79,153.78,361.26,824.49,3
269.45,111.71,225.75,52.40,111.27,206.15,35.37,57.60,90.99,73.54,154.38,51.39,759.49,302.64,190.55,105.88,235.08,557.12,3
317.28,158.94,321.69,135.14,411.09,764.58,464.44,453.12,171.98,111.69,150.35,57.32,1353.77,277.68,170.45,99.16,186.68,391.04,2
223.56,98.99,184.36,73.55,147.59,252.04,161.19,210.10,147.68,105.26,172.50,57.32,1836.77,507.52,270.97,170.59,347.43,842.16,2
229.42,97.18,171.19,68.95,115.14,154.61,75.96,122.88,147.68,104.80,218.15,70.17,1401.96,506.48,284.96,167.23,399.28,1024.72,2
488.13,180.73,378.13,109.40,265.82,447.59,177.43,224.91,197.23,117.67,271.17,85.98,1914.78,495.04,319.05,178.15,386.32,908.12,3
631.64,272.46,533.33,193.98,466.73,682.69,247.58,340.66,194.37,110.77,239.63,84.00,1443.26,252.72,249.12,121.85,241.13,494.69,3
628.71,225.23,422.33,132.38,350.05,698.22,105.53,176.64,145.78,97.44,238.28,76.10,1840.21,463.84,333.03,178.99,374.22,842.16,3
770.27,255.20,494.76,168.24,346.18,549.26,165.83,230.95,173.88,116.75,389.31,121.56,1742.69,404.56,389.85,210.08,439.04,1063.59,2
559.40,204.35,372.48,138.82,343.09,672.80,200.62,233.14,131.96,97.44,276.54,87.96,2732.78,792.48,520.09,323.53,755.35,1998.80,2
1458.53,494.97,918.98,307.98,920.32,1901.22,436.03,476.16,234.39,120.89,255.74,95.86,2657.06,672.88,395.97,241.18,483.11,1090.68,2
456.89,197.08,388.47,151.69,510.00,1087.92,566.49,580.39,262.02,143.41,226.87,77.09,2875.04,585.52,289.33,166.39,350.02,706.71,2
505.70,233.41,483.47,166.40,433.50,712.34,310.78,415.82,281.07,125.48,222.85,82.03,1905.61,494.00,203.67,116.81,250.63,538.27,2
126.91,70.84,145.79,54.24,105.09,153.90,66.10,99.29,166.74,113.07,248.35,76.10,1701.39,482.56,262.23,134.45,316.31,717.31,2
565.25,202.53,378.13,133.30,278.96,466.66,164.67,209.55,119.57,96.98,218.15,73.13,1212.66,265.20,249.99,134.45,260.14,593.63,3
610.16,237.04,455.26,182.95,499.96,1015.21,431.39,462.44,198.66,142.49,226.87,82.03,1884.95,490.88,332.16,196.64,335.33,780.91,3
326.07,134.41,236.09,114.92,203.23,289.45,186.12,277.03,187.22,128.24,265.80,88.95,1845.95,371.28,291.07,159.66,322.36,732.62,3
618.95,253.39,462.78,174.67,389.46,661.51,171.63,256.73,269.16,146.17,275.87,89.93,2710.98,843.44,312.05,170.59,403.60,895.16,3
854.22,374.18,705.46,306.14,695.46,1146.52,386.74,576.00,555.95,215.11,540.34,177.89,4459.42,1404.00,457.15,275.63,676.71,1656.05,3
460.79,199.80,359.31,133.30,279.73,461.71,169.31,257.28,259.63,142.49,255.74,83.02,3262.82,1037.92,350.51,203.36,472.74,1110.71,3
500.82,219.78,428.92,214.21,535.50,944.61,661.00,675.84,278.69,176.04,259.09,97.84,1990.50,383.76,291.95,160.50,273.97,578.32,2
413.93,164.38,283.12,136.06,255.77,379.82,168.73,248.50,189.60,136.05,351.05,111.68,2426.46,456.56,395.09,212.60,415.70,1005.88,2
569.16,225.23,427.04,181.11,338.46,443.36,94.51,155.25,176.27,109.39,542.35,158.12,1401.96,254.80,332.16,151.26,331.87,701.99,2
714.62,334.22,629.27,291.43,930.37,1841.21,612.29,646.76,320.61,184.32,586.65,175.91,4714.11,940.16,613.62,328.57,650.78,1391.03,2
808.34,324.23,681.94,148.93,421.14,907.19,177.43,240.27,177.69,108.47,206.07,73.13,1859.72,469.04,264.85,156.30,302.49,687.86,2
174.75,74.47,127.92,50.56,85.77,123.55,85.81,144.82,147.68,104.34,238.96,76.10,1931.99,575.12,348.77,192.44,466.69,1128.37,2
328.02,187.09,376.24,160.88,336.91,531.61,567.64,590.26,286.79,178.34,224.86,80.05,2582.49,499.20,256.99,143.70,303.35,643.10,2
307.52,167.11,334.86,136.06,255.77,380.53,302.67,442.70,362.06,182.94,338.97,112.66,2573.31,677.04,340.02,188.23,401.01,943.45,2
247.97,125.33,227.63,111.24,170.00,201.91,168.73,251.79,314.90,180.18,438.98,134.41,2603.14,626.08,361.00,189.92,437.31,1049.46,2
660.93,289.72,532.39,276.72,809.05,1519.98,1097.60,1089.46,484.02,239.93,402.06,143.30,3658.63,664.56,357.51,200.00,406.20,832.74,1
568.18,227.96,427.04,211.45,641.36,1176.88,865.67,898.56,395.41,214.65,355.75,122.55,3134.33,538.72,291.07,153.78,334.46,663.13,1
381.72,182.55,347.09,188.46,572.59,1121.10,801.89,829.44,395.41,190.29,369.84,118.59,3838.75,689.52,326.04,175.63,389.78,767.95,1
491.06,214.34,413.87,195.82,545.55,992.61,565.91,531.02,218.19,159.49,253.05,90.92,2767.20,657.28,368.87,220.17,407.92,952.88,2
405.15,165.29,321.69,140.66,362.41,713.04,413.99,467.93,241.06,173.28,322.19,106.73,3573.73,737.36,485.12,272.27,496.94,1093.04,2
280.19,111.71,207.88,69.87,138.32,221.68,69.58,115.20,131.96,91.93,236.27,77.09,1037.13,195.52,218.52,109.24,248.90,533.56,2
1318.92,449.56,793.88,397.15,987.55,1716.25,532.86,595.75,300.60,190.29,452.41,151.21,3418.85,836.16,530.58,300.00,577.32,1347.45,2
394.41,161.66,294.41,127.79,291.32,507.60,292.81,364.25,203.90,143.87,236.94,80.05,2412.70,565.76,354.01,201.68,399.28,948.16,2
271.40,126.24,243.62,91.93,202.45,344.52,139.16,199.13,138.63,115.37,209.42,66.21,1771.38,437.84,303.31,171.43,343.11,816.25,2
429.55,200.71,389.41,180.19,527.77,1079.45,498.07,461.35,169.12,148.46,238.96,79.06,2232.58,413.92,358.38,190.76,333.60,664.30,2
208.92,98.99,187.18,76.31,143.73,252.04,150.17,207.91,160.54,134.21,261.11,78.07,2528.57,617.76,379.36,214.28,428.67,996.46,2
204.04,94.45,174.01,68.95,126.73,200.50,161.77,236.43,167.21,133.30,260.43,77.09,1920.52,463.84,348.77,191.60,398.42,977.61,2
611.14,286.99,554.96,225.24,599.64,972.85,707.38,708.75,322.04,187.99,342.32,115.63,3223.81,471.12,381.98,199.16,400.15,835.09,2
389.53,213.43,522.98,156.29,496.86,1176.17,268.46,335.18,223.43,160.87,271.17,85.98,3238.73,713.44,330.41,196.64,406.20,870.43,2
196.23,95.36,186.24,67.11,127.50,190.62,88.13,133.85,132.91,96.98,164.45,54.36,968.29,206.96,172.20,87.39,178.04,369.84,2
826.89,355.11,681.00,309.82,844.59,1453.62,756.67,825.60,363.49,176.50,327.56,120.57,2013.45,315.12,298.07,150.42,274.83,551.23,2
701.93,255.20,536.15,170.08,375.55,696.10,462.70,567.77,301.08,181.10,383.27,125.51,2231.43,426.40,354.01,185.71,350.02,773.84,2
159.13,88.10,187.18,73.55,190.86,399.59,316.58,329.14,168.17,154.90,306.08,85.98,2748.84,612.56,445.79,252.94,495.21,1217.89,2
482.27,226.14,440.21,206.85,552.50,941.08,736.37,766.90,302.51,169.15,240.30,89.93,1863.16,291.20,209.78,105.88,208.28,406.36,2
239.18,116.25,203.17,88.26,123.64,152.49,141.48,203.52,238.67,157.66,265.80,83.02,1836.77,395.20,272.72,145.38,319.77,719.66,2
287.02,134.41,233.27,103.89,161.50,206.15,109.01,176.64,270.12,153.98,504.76,147.25,2478.09,532.48,471.14,229.41,497.81,1175.49,2
213.80,128.96,301.94,90.10,250.36,473.72,327.60,340.11,186.75,121.80,208.75,58.31,2309.44,1019.20,283.21,191.60,579.91,1076.55,2
157.18,89.91,166.49,65.27,102.00,134.14,73.06,110.26,118.62,94.23,144.98,47.44,960.26,417.04,193.18,112.60,261.87,656.06,2
798.58,306.06,500.41,160.88,316.82,518.19,143.22,246.86,262.97,143.87,394.68,122.55,3340.83,1094.08,561.17,333.61,888.45,2266.17,2
259.68,142.59,249.26,124.11,183.91,235.09,125.82,188.71,272.02,147.08,399.38,126.50,2783.26,605.28,416.07,213.44,496.08,1232.02,3
253.83,128.06,233.27,108.48,163.82,183.56,104.95,164.02,286.31,158.58,494.02,150.22,2020.33,494.00,379.36,176.47,405.33,924.61,3
246.02,130.78,240.80,94.69,169.23,244.98,103.79,155.25,155.30,106.64,251.04,76.10,3025.34,1045.20,475.51,282.35,685.35,1800.92,3
962.59,366.00,680.06,327.28,999.91,1701.42,652.30,718.08,334.43,191.67,406.76,133.42,3777.94,690.56,437.92,227.73,457.19,914.01,2
320.21,160.75,298.17,159.05,365.50,545.02,486.47,623.72,347.77,189.83,315.48,109.70,2811.94,565.76,308.56,176.47,375.08,843.34,2
215.75,108.98,180.60,63.43,101.23,144.02,172.79,211.20,148.16,121.34,178.55,55.34,1361.80,269.36,180.06,97.48,222.98,506.47,2
611.14,275.18,531.45,256.50,753.41,1385.85,716.08,659.38,248.20,198.56,354.41,116.62,2907.17,577.20,416.07,231.09,431.26,944.63,2
189.39,97.18,187.18,66.19,118.23,195.56,163.51,201.87,125.77,122.72,242.98,72.14,1792.03,507.52,388.97,227.73,439.04,1102.46,2
189.39,98.99,170.25,55.16,108.95,215.33,194.82,174.99,59.07,73.08,83.23,31.62,881.10,232.96,131.99,93.28,191.86,525.32,2
246.99,143.50,297.23,110.32,333.05,681.98,594.32,524.43,190.08,131.46,153.04,53.37,2093.76,397.28,176.57,105.88,232.48,491.16,1
177.68,103.53,245.50,81.82,269.68,584.56,234.25,230.95,96.23,65.27,84.57,35.58,956.82,276.64,97.90,66.39,127.91,282.68,1
376.84,192.54,347.09,157.21,383.27,679.16,302.67,386.74,252.49,142.49,252.38,89.93,2919.79,734.24,312.93,184.87,420.89,1014.12,1
261.64,132.60,233.27,102.97,162.27,215.33,175.11,216.14,162.93,119.05,226.87,75.11,995.83,178.88,190.55,91.60,191.86,402.82,3
546.70,227.96,417.63,157.21,317.59,559.85,102.63,133.30,125.29,125.94,301.38,92.90,2039.84,427.44,407.33,210.08,405.33,911.65,3
330.95,185.27,380.01,178.35,366.27,606.44,585.04,646.22,318.71,182.02,270.50,94.87,2188.98,319.28,238.63,121.85,254.09,504.12,3
470.56,215.24,439.27,163.64,581.86,1461.39,566.49,491.52,177.22,168.69,325.54,96.85,3495.71,658.32,590.02,310.08,532.38,1120.13,2
237.23,109.89,201.29,82.74,159.95,247.80,161.19,190.90,121.00,101.12,177.87,62.26,983.21,211.12,192.30,107.56,221.25,514.72,2
178.65,95.36,187.18,74.47,105.86,134.84,97.41,122.88,102.42,75.38,140.29,51.39,675.74,173.68,145.97,84.03,186.68,466.43,2
645.31,219.78,393.18,114.92,209.41,373.47,86.97,140.43,142.44,103.88,438.98,130.45,2527.42,631.28,580.40,315.97,712.14,1694.92,3
1030.93,415.96,820.21,327.28,771.96,1206.53,136.84,244.66,218.19,159.95,636.32,190.74,3278.88,664.56,639.84,330.25,651.64,1467.59,3
1590.32,426.85,662.19,231.67,477.55,878.24,187.86,274.83,197.70,151.22,675.92,193.70,3682.72,913.12,672.18,385.71,964.50,2347.44,3
592.59,297.89,535.21,259.25,666.09,1033.56,584.46,653.90,325.38,131.92,245.00,93.89,2233.72,378.56,226.39,126.05,274.83,573.61,2
360.24,189.81,326.39,162.72,307.55,362.88,124.08,234.24,279.17,137.89,357.09,117.61,1764.49,432.64,280.59,145.38,335.33,786.80,2
255.78,120.79,221.98,88.26,182.36,284.51,96.83,165.12,208.66,122.72,291.31,89.93,1718.60,412.88,294.57,152.10,331.87,739.69,2
307.52,154.39,328.27,117.68,227.18,312.05,127.56,223.27,268.21,127.32,242.98,84.00,1220.69,329.68,209.78,107.56,239.40,548.88,3
177.68,86.28,176.83,57.00,96.59,199.09,71.90,113.01,198.66,117.67,228.22,72.14,1177.09,466.96,243.00,135.29,305.08,731.44,3
277.26,158.94,311.34,157.21,251.91,266.86,81.17,150.86,251.06,131.92,318.16,111.68,897.16,211.12,205.41,92.44,200.51,434.62,3
822.01,321.50,619.86,228.92,734.09,1602.59,643.60,661.58,291.55,159.95,274.53,96.85,2925.52,734.24,372.37,224.37,449.41,1052.99,2
496.91,228.87,399.76,231.67,550.18,867.66,822.77,853.58,380.64,158.58,224.19,91.91,1878.07,254.80,179.19,92.44,196.18,375.73,2
204.04,97.18,162.73,105.72,165.36,182.14,212.21,290.74,243.44,131.92,306.08,105.75,1055.48,169.52,187.93,86.55,196.18,433.45,2
317.28,197.08,441.15,167.32,552.50,1207.23,440.08,437.21,169.60,142.95,235.60,78.07,2651.33,628.16,400.34,233.61,418.30,944.63,2
470.56,217.97,426.10,174.67,401.82,659.39,306.15,424.04,269.16,160.87,282.59,97.84,2249.78,484.64,336.53,184.87,360.39,819.78,2
310.45,128.06,219.16,100.21,178.50,217.44,144.38,234.79,229.62,141.11,323.53,102.78,1686.48,336.96,289.33,140.34,310.26,680.79,2
246.99,140.77,268.07,131.47,316.82,581.03,636.64,580.39,216.76,152.60,202.04,72.14,1722.04,333.84,230.76,131.93,256.68,584.21,1
430.53,211.61,422.33,202.25,593.46,1188.88,836.10,799.27,300.13,202.24,324.87,111.68,2740.81,526.24,345.27,192.44,366.44,809.18,1
1084.62,418.68,770.36,314.41,861.59,1652.71,637.80,701.62,337.76,189.37,350.38,124.52,3570.29,820.56,479.88,270.59,519.41,1133.09,1
218.68,108.98,206.93,90.10,140.64,173.67,131.04,169.51,222.48,140.19,264.46,84.00,1335.42,345.28,231.64,121.01,282.61,683.15,2
325.09,164.38,316.99,155.37,321.46,509.72,339.78,432.27,289.17,173.28,418.84,127.49,2699.51,394.16,331.28,158.82,318.91,613.66,2
506.68,214.34,399.76,179.27,452.82,845.06,629.69,701.07,368.25,196.73,434.28,135.39,4094.59,792.48,477.26,262.18,537.56,1161.35,2
650.19,278.82,506.05,257.42,680.77,1220.65,794.93,812.98,337.76,207.30,330.24,116.62,2856.69,494.00,373.24,202.52,375.95,775.02,1
793.70,322.41,569.07,364.98,887.87,1434.56,956.13,1083.43,470.20,226.14,437.64,163.07,2071.96,257.92,263.98,123.53,228.16,404.00,1
303.62,149.85,296.29,131.47,343.86,654.45,489.95,505.23,202.47,152.60,245.67,77.09,2169.48,382.72,338.28,184.87,359.53,803.29,1
923.54,353.29,669.72,272.12,876.27,1831.32,733.47,727.40,302.03,202.70,336.95,116.62,4096.88,848.64,500.86,277.31,514.23,1087.15,2
70.29,44.50,87.48,29.42,44.82,74.83,80.02,96.55,76.22,74.00,128.88,38.54,637.88,271.44,173.07,110.92,228.16,632.50,2
762.46,302.43,549.32,220.64,550.96,936.14,263.82,364.80,281.55,181.10,750.43,222.36,3444.09,818.48,708.02,357.98,697.45,1607.76,2
264.57,135.32,273.72,106.64,275.09,519.60,189.02,262.77,182.46,103.42,167.81,57.32,2213.07,618.80,232.51,146.22,318.91,750.29,3
230.40,121.70,261.49,81.82,201.68,379.82,140.90,181.03,126.24,83.65,135.59,48.43,1366.39,437.84,193.18,125.21,249.77,654.88,3
139.60,96.27,213.52,59.76,155.32,279.57,30.73,38.95,41.92,47.80,106.05,34.59,1150.71,512.72,236.01,151.26,348.29,945.81,3
135.70,67.21,125.10,52.40,85.00,114.37,95.67,144.82,181.98,122.72,182.57,57.32,1598.14,516.88,229.89,129.41,303.35,719.66,2
540.85,211.61,364.96,176.51,516.96,989.79,328.76,436.66,286.79,118.59,215.46,76.10,3317.89,813.28,276.22,171.43,402.74,873.96,2
164.01,92.64,179.66,71.71,144.50,292.28,349.63,409.23,221.05,136.05,165.12,57.32,2375.98,800.80,209.78,134.45,313.72,789.16,2
461.77,203.44,365.90,189.38,513.09,984.85,670.27,635.24,239.63,167.31,259.76,89.93,3737.79,810.16,445.79,257.98,517.68,1141.33,2
350.48,162.57,332.04,136.98,387.14,780.11,375.72,400.46,163.88,110.77,154.38,56.33,1948.05,558.48,229.01,151.26,307.67,786.80,2
233.33,125.33,304.76,71.71,227.18,507.60,138.58,150.86,70.03,70.32,130.22,42.50,1170.21,342.16,217.65,137.81,266.19,670.19,2
161.08,81.74,163.67,56.08,112.05,181.44,60.88,99.29,129.10,113.53,228.22,62.26,2980.59,1011.92,448.41,256.30,599.79,1520.60,3
246.02,130.78,267.13,102.97,226.41,389.70,105.53,161.83,173.41,132.84,306.75,91.91,3136.62,784.16,440.55,241.18,528.92,1232.02,3
366.10,182.55,330.15,137.90,244.95,333.22,266.14,363.15,339.19,173.74,359.78,113.65,3184.81,730.08,351.39,189.92,437.31,1002.34,3
885.46,262.47,520.16,130.55,268.14,386.17,48.70,92.16,123.39,81.82,310.11,103.77,574.78,187.20,215.90,106.72,236.80,494.69,3
840.56,236.13,397.88,151.69,285.14,331.11,48.13,98.19,141.01,87.33,277.22,96.85,759.49,202.80,222.90,109.24,232.48,531.21,3
594.54,214.34,418.57,129.63,293.64,489.95,123.50,177.74,129.58,95.15,235.60,84.99,1279.20,342.16,294.57,163.02,298.17,711.42,3
1009.45,373.27,671.60,218.80,632.86,1210.76,287.59,362.06,176.74,78.60,152.37,72.14,1042.86,184.08,166.08,89.92,133.09,246.17,2
752.69,278.82,427.98,174.67,274.32,391.12,82.33,151.41,149.59,66.65,153.04,71.16,745.72,133.12,133.74,65.55,110.62,193.17,2
781.01,335.13,560.60,272.12,512.32,717.99,170.47,254.54,173.41,83.19,268.49,106.73,769.81,89.44,154.72,63.02,109.76,129.56,2
1009.45,521.31,1034.67,492.77,1366.18,2443.41,382.10,439.40,211.04,117.21,404.75,144.29,1311.32,190.32,278.84,126.05,213.47,347.46,2
548.66,210.70,319.81,182.03,274.32,257.68,59.14,128.37,120.53,58.83,218.82,87.96,410.72,59.28,125.00,49.58,87.29,104.83,2
292.88,119.88,146.74,129.63,145.27,108.02,58.56,115.20,122.43,60.67,184.59,77.09,449.73,44.72,101.40,37.81,63.95,77.74,2
1586.42,657.54,1192.69,577.35,1330.64,2061.47,386.74,452.57,221.52,117.67,346.35,136.38,1291.82,226.72,249.99,121.85,205.69,360.42,1
1538.58,486.80,947.20,340.16,945.05,1844.74,324.70,353.83,162.93,111.23,256.41,97.84,1845.95,447.20,362.75,202.52,350.88,757.35,1
1290.61,552.19,961.30,504.72,1166.05,1835.56,466.18,497.55,221.52,136.97,406.76,155.16,1663.53,293.28,335.65,165.55,271.37,519.43,1
2746.21,847.35,1697.80,542.41,1721.64,3076.68,491.69,569.42,290.12,148.46,381.26,137.37,2575.61,537.68,347.89,190.76,354.34,703.17,1
1302.33,423.22,831.50,279.48,733.32,1198.06,210.48,319.27,199.61,119.51,353.74,118.59,1327.38,227.76,278.84,131.09,237.67,427.56,1
1808.03,563.99,1066.65,378.77,1215.50,2682.74,306.15,361.51,202.47,127.32,451.73,144.29,3161.86,770.64,506.98,285.71,595.47,1286.21,1
1421.43,467.72,917.10,311.66,743.36,1361.14,148.43,236.98,198.18,126.86,545.03,169.00,2458.59,588.64,477.26,255.46,561.76,1247.34,3
1650.85,465.91,922.74,194.90,414.18,644.56,73.64,138.24,149.59,82.74,328.90,111.68,854.71,191.36,209.78,102.52,208.28,407.53,3
1045.57,363.28,736.50,239.95,599.64,1126.05,131.04,191.45,149.59,108.47,333.60,107.72,1775.96,353.60,342.65,173.11,325.82,664.30,3
887.42,317.87,573.77,256.50,704.73,1214.29,357.75,410.33,200.09,96.52,191.30,81.04,1072.69,138.32,173.07,78.99,131.37,202.59,2
635.54,276.09,561.54,237.19,477.55,613.50,75.38,133.30,164.83,101.58,561.81,165.04,1718.60,459.68,422.19,217.65,509.91,1209.65,2
455.91,195.26,340.50,182.95,402.59,751.87,363.55,379.61,161.50,119.97,286.61,100.80,2630.68,472.16,380.23,200.84,359.53,808.00,2
1607.89,540.38,1051.60,410.94,1189.23,2076.30,372.83,479.45,282.03,145.25,367.83,125.51,2912.90,785.20,424.81,242.86,480.52,1041.21,2
1037.76,312.42,546.50,148.93,330.73,509.01,80.60,139.34,136.73,79.98,197.34,76.10,826.03,182.00,194.92,95.80,183.22,356.89,2
1052.40,382.35,695.11,224.32,550.96,915.66,93.35,149.21,109.57,53.78,113.44,56.33,767.52,189.28,144.23,78.99,111.49,200.23,2
1387.26,509.50,1024.33,435.77,1167.59,1877.92,491.69,548.57,231.53,144.33,410.79,139.35,1409.99,231.92,312.93,146.22,244.58,411.07,2
1149.05,494.06,867.24,407.27,788.18,1056.86,155.39,267.15,174.84,79.52,264.46,112.66,746.87,91.52,162.58,68.07,112.35,157.83,2
1084.62,378.72,888.88,273.04,496.09,931.90,53.34,88.87,90.99,62.97,675.92,196.67,1206.92,306.80,445.79,240.34,612.75,1440.50,2
1994.49,645.73,1285.82,424.73,1254.91,2734.98,606.49,714.24,381.12,192.59,583.96,184.81,3011.57,509.60,460.65,236.97,470.15,923.43,1
1007.50,368.73,664.07,251.90,787.41,1964.76,310.78,347.79,169.60,117.67,402.73,132.43,4141.62,834.08,634.60,336.13,754.49,1563.00,1
697.05,267.92,514.51,209.61,765.00,1825.68,288.75,305.01,151.97,106.18,490.66,140.34,3168.74,609.44,604.88,321.85,643.86,1395.74,1
2059.90,442.29,1013.04,241.79,466.73,668.57,50.44,78.45,111.95,76.76,460.46,138.36,717.04,204.88,266.60,126.89,296.44,631.32,3
1375.55,335.13,655.61,163.64,285.91,489.25,51.60,92.71,134.34,89.63,381.93,133.42,819.15,287.04,340.90,182.35,396.69,1077.73,3
775.15,262.47,498.52,133.30,331.50,602.91,59.72,100.94,91.94,70.78,196.67,70.17,947.64,244.40,263.98,145.38,254.95,571.25,3
1837.31,614.85,1267.94,483.57,1493.68,3059.74,289.91,352.18,176.74,142.49,751.77,219.40,2984.03,673.92,703.65,386.55,814.99,1830.37,2
1294.52,688.42,1466.41,596.65,1699.23,3034.32,364.71,405.94,186.27,133.76,680.62,217.42,1409.99,191.36,358.38,157.98,293.84,500.58,2
775.15,248.85,472.19,182.95,497.64,853.54,68.42,113.01,98.61,66.19,310.11,99.82,1198.89,304.72,333.03,178.99,355.21,799.76,2
422.72,152.58,252.08,106.64,183.91,231.56,48.70,72.96,110.52,83.19,265.80,80.05,1766.79,510.64,344.40,178.99,420.89,977.61,3
926.47,296.98,603.87,138.82,280.50,453.24,46.39,80.64,126.72,59.29,230.23,83.02,1026.80,352.56,226.39,117.65,248.90,545.34,3
263.59,110.80,199.41,79.06,139.86,187.79,35.95,58.70,103.38,70.32,239.63,75.11,1703.69,552.24,352.26,184.03,432.12,1032.97,3
866.92,328.77,659.37,250.98,784.32,1648.47,350.21,347.79,141.49,112.15,232.91,85.98,1870.04,454.48,344.40,194.96,337.92,757.35,2
1591.30,505.87,992.34,366.82,1059.41,2153.25,485.89,517.30,236.77,166.85,508.12,160.10,3136.62,731.12,562.92,306.72,566.08,1253.23,2
940.14,292.44,514.51,201.34,384.05,526.66,125.24,181.58,125.29,115.37,252.38,85.98,1556.84,375.44,333.91,175.63,346.56,783.27,2
847.39,360.56,672.54,330.96,984.46,1774.14,873.21,930.92,408.27,189.37,347.02,128.48,2798.18,578.24,324.29,188.23,372.49,811.53,2
645.31,222.51,425.16,161.80,368.59,606.44,182.06,279.77,231.05,132.84,430.93,132.43,1668.12,346.32,368.00,181.51,382.86,822.13,2
657.02,207.98,376.24,147.09,308.32,474.42,144.96,239.18,227.72,126.86,327.56,105.75,1656.65,409.76,287.58,149.58,331.87,734.97,2
2069.66,683.87,1468.29,490.01,1498.32,2809.11,372.25,420.75,204.37,116.29,343.67,125.51,1836.77,380.64,348.77,180.67,312.86,603.06,2
980.16,340.58,717.69,232.59,493.77,815.41,143.80,178.29,112.43,86.41,357.09,116.62,1513.24,341.12,382.86,194.12,373.35,793.87,2
864.96,278.82,521.10,189.38,445.09,788.58,82.91,138.79,124.82,98.36,367.16,117.61,1510.95,373.36,396.84,201.68,415.70,962.30,2
734.14,283.36,599.17,116.76,262.73,362.88,48.70,98.74,141.97,49.64,179.89,74.12,547.25,154.96,111.88,60.50,119.27,196.70,3
519.37,183.46,388.47,68.95,144.50,285.92,72.48,115.75,142.44,55.62,137.60,55.34,429.08,102.96,104.02,53.78,104.57,170.79,3
1572.75,398.70,965.07,177.43,469.82,847.89,87.55,134.95,170.55,74.00,304.06,110.69,829.47,198.64,190.55,95.80,213.47,393.40,r
1038.74,287.90,619.86,141.58,280.50,446.89,32.47,62.54,92.42,61.59,232.24,86.97,736.54,192.40,221.15,115.13,224.70,508.83,2
1884.18,756.53,1494.63,658.25,2021.46,3747.37,565.33,610.01,292.98,166.85,680.62,213.47,3681.57,852.80,585.65,323.53,647.32,1442.86,2
1165.65,459.55,902.05,292.35,587.27,749.76,82.33,140.43,154.83,84.11,332.26,116.62,1039.42,205.92,243.00,114.29,237.67,472.32,2
896.20,316.05,606.69,265.69,876.27,1706.36,587.36,587.52,242.48,168.69,301.38,102.78,2778.67,452.40,378.48,191.60,354.34,696.11,2
1008.47,333.31,684.76,250.06,823.73,1705.66,435.45,459.70,198.66,131.92,343.67,113.65,2209.63,466.96,412.57,226.05,401.01,896.34,2
1053.38,310.60,731.80,176.51,479.86,878.95,90.45,160.73,161.97,99.28,412.80,123.54,1468.50,303.68,312.05,158.82,334.46,723.20,2
800.53,256.11,479.71,142.50,274.32,379.11,58.56,92.71,135.77,84.57,265.80,91.91,801.94,208.00,210.66,101.68,222.11,457.00,3
720.48,231.59,461.84,101.13,190.09,285.22,59.72,111.91,150.06,73.54,208.08,74.12,633.29,220.48,176.57,94.96,213.47,494.69,3
1082.67,338.76,647.14,163.64,341.55,530.90,104.95,164.02,167.21,81.36,212.11,82.03,1084.16,246.48,180.06,95.80,175.44,371.02,3
1985.71,614.85,1092.05,423.82,1355.37,2916.42,576.34,686.81,364.44,162.71,509.46,171.96,3135.47,690.56,452.78,247.90,502.99,1056.53,2
658.97,272.46,472.19,158.13,313.73,446.18,199.46,300.62,187.70,69.41,155.05,71.16,641.32,90.48,111.01,51.26,86.42,138.99,2
1147.10,286.99,488.18,117.68,192.41,255.57,44.65,73.51,126.24,51.94,193.31,80.05,367.12,121.68,119.75,63.02,127.91,253.24,2
2095.05,598.50,1159.77,313.49,930.37,1857.45,298.61,374.67,179.60,89.17,224.86,94.87,1125.47,224.64,224.64,121.01,177.17,343.93,2
1127.58,336.03,608.58,164.56,358.55,606.44,123.50,212.30,165.79,73.54,192.64,80.05,818.00,160.16,166.08,85.71,142.60,255.59,2
576.97,211.61,373.42,118.59,265.82,410.88,89.29,150.86,104.81,38.61,104.04,55.34,402.69,74.88,86.54,44.54,65.68,102.47,2
1542.49,524.94,1107.10,305.22,856.18,1555.99,412.25,504.68,237.72,128.24,284.60,104.76,1233.31,141.44,215.03,95.80,146.06,215.55,2
683.38,257.02,433.62,166.40,252.68,280.28,115.38,210.65,189.60,65.73,195.33,84.99,395.81,67.60,116.26,49.58,82.97,123.67,2
800.53,286.08,498.52,145.26,263.50,387.59,95.09,162.93,134.34,63.43,153.04,69.18,720.48,114.40,146.85,69.75,108.90,162.54,2
1602.04,452.28,720.51,238.11,524.68,894.48,287.01,411.98,269.16,116.75,304.06,111.68,1399.66,273.52,243.00,124.37,226.43,426.38,2
1496.60,451.38,825.86,238.11,579.55,1070.98,336.30,454.76,299.18,134.67,321.52,115.63,1966.41,422.24,284.08,155.46,302.49,604.23,2
1300.37,362.37,850.31,170.08,418.82,646.68,64.36,110.81,192.46,100.66,358.43,117.61,873.07,265.20,230.76,109.24,244.58,484.09,2
1847.08,651.18,1182.35,436.69,1114.27,1849.68,447.04,554.06,273.45,123.64,331.58,131.44,1070.40,122.72,190.55,81.51,130.50,164.90,2
873.75,269.74,411.05,166.40,326.09,451.12,128.72,291.84,213.90,51.48,130.89,70.17,392.36,48.88,88.28,36.13,44.94,54.18,2
698.02,228.87,352.73,117.68,173.09,211.80,81.17,164.57,198.18,87.79,183.24,75.11,542.66,105.04,123.25,57.14,106.30,203.77,2
298.73,155.30,317.93,127.79,423.46,1024.38,319.48,315.98,119.10,106.64,185.26,65.23,1995.09,523.12,328.66,199.16,352.61,846.87,2
689.24,257.93,340.50,191.22,226.41,204.74,60.88,144.27,145.30,62.05,212.11,90.92,322.38,45.76,93.53,36.13,57.90,77.74,2
796.63,336.03,599.17,235.35,595.77,1003.91,72.48,149.21,107.67,24.82,93.30,61.27,267.31,34.32,66.43,27.73,25.06,30.62,2
685.33,284.27,407.28,258.33,558.68,870.48,375.14,469.58,234.86,75.38,147.00,80.05,853.56,75.92,104.89,46.22,65.68,75.38,2
938.18,409.60,997.99,214.21,558.68,902.95,142.64,195.29,120.05,56.54,204.05,80.05,668.85,124.80,166.08,80.67,132.23,212.01,2
1025.07,362.37,712.98,190.30,443.55,600.09,97.99,169.51,159.59,57.45,222.18,87.96,578.22,101.92,139.86,63.87,104.57,149.59,2
2738.40,938.17,1885.93,615.96,1781.14,3128.92,508.50,631.40,358.72,140.65,477.24,178.88,1499.47,254.80,199.29,100.00,185.81,306.24,2
767.34,286.99,498.52,159.05,341.55,535.14,98.57,187.06,146.73,34.93,107.40,62.26,434.81,74.88,74.30,36.97,46.67,62.43,2
809.32,329.68,633.03,182.95,504.59,942.49,153.07,245.21,170.07,48.72,140.29,68.19,686.06,145.60,125.00,68.91,103.71,182.57,2
1123.67,383.26,761.89,273.04,840.73,1566.58,250.48,343.95,177.69,86.41,189.29,79.06,1108.26,159.12,203.67,94.96,127.04,188.45,2
946.97,282.45,490.06,239.95,601.18,1027.21,441.82,552.96,285.36,153.98,304.06,109.70,2296.82,398.32,334.78,172.27,322.36,639.57,2
826.89,243.40,393.18,141.58,297.50,459.60,215.11,273.19,152.45,93.77,202.71,74.12,1131.20,217.36,229.89,112.60,228.16,454.65,2
1946.66,633.02,1268.88,499.20,1542.37,2708.86,452.26,524.43,249.15,139.73,417.50,146.27,1818.41,336.96,297.19,149.58,257.55,452.29,2
877.65,267.92,486.30,155.37,374.00,713.04,111.91,170.61,105.28,58.83,181.90,69.18,709.01,150.80,201.04,102.52,178.04,371.02,2
1033.86,360.56,665.95,204.09,465.96,775.17,139.16,183.22,107.67,64.35,166.46,70.17,735.40,118.56,159.96,78.15,127.91,221.43,2
1960.32,548.55,980.12,285.00,959.73,2136.31,274.84,297.87,152.92,97.44,256.41,89.93,1691.07,387.92,334.78,184.87,310.26,619.55,2
1220.32,336.03,669.72,170.08,421.14,699.63,162.35,295.68,196.27,105.72,247.01,86.97,926.99,186.16,222.90,108.40,210.88,414.60,2
1563.96,446.83,817.39,319.01,742.59,964.38,204.68,343.95,199.61,103.88,318.83,116.62,851.27,147.68,224.64,100.00,191.00,355.71,2
764.41,302.43,599.17,186.63,523.14,998.97,264.40,323.66,145.30,67.57,151.03,70.17,756.05,138.32,152.09,79.83,115.81,203.77,2
303.62,128.96,205.05,79.98,123.64,139.08,59.14,113.55,72.41,29.42,82.56,45.46,242.07,41.60,68.18,31.09,46.67,74.20,2
187.44,80.83,128.86,57.00,91.18,118.61,71.32,120.14,86.70,42.75,98.67,43.48,378.60,54.08,82.17,37.81,65.68,91.87,2
867.89,307.88,467.48,220.64,445.86,607.15,343.25,506.88,298.70,95.60,196.00,86.97,647.06,70.72,93.53,39.50,65.68,87.16,2
411.00,142.59,258.67,57.00,88.86,123.55,24.93,54.86,81.46,23.44,82.56,45.46,161.76,35.36,58.56,27.73,33.71,45.94,2
537.92,221.60,429.86,99.29,235.68,401.71,113.07,166.22,116.24,46.88,112.09,51.39,447.43,53.04,84.79,38.66,55.31,73.03,2
899.13,300.61,601.05,184.79,371.68,535.14,57.98,103.13,220.57,79.06,264.46,94.87,938.46,352.56,158.21,84.03,197.91,401.64,3
629.69,238.86,378.13,160.88,248.05,268.27,63.78,122.33,260.59,88.71,210.09,83.02,838.65,258.96,136.36,64.71,132.23,230.86,3
1029.95,356.92,532.39,231.67,389.46,477.25,145.54,263.86,251.54,73.08,166.46,78.07,1029.10,217.36,119.75,62.18,112.35,174.32,3
1114.89,368.73,656.55,174.67,413.41,659.39,178.58,273.74,199.13,86.87,196.67,77.09,1196.60,208.00,172.20,84.03,151.24,236.75,2
1307.21,464.09,923.68,270.29,641.36,1017.32,324.70,454.76,320.14,113.99,245.00,97.84,1882.66,380.64,221.15,123.53,239.40,457.00,2
506.68,201.62,303.82,139.74,255.00,308.52,117.12,227.66,194.85,39.99,102.03,58.31,445.14,57.20,67.31,30.25,42.35,49.47,2
1536.63,562.18,1074.18,437.61,1220.14,2108.78,278.31,373.58,206.75,116.29,383.94,130.45,1485.71,232.96,256.11,118.49,215.20,371.02,2
624.80,235.22,413.87,196.74,551.73,1154.28,382.68,359.31,130.06,123.64,224.86,79.06,2122.44,635.44,418.69,247.90,427.80,1104.82,2
403.19,161.66,298.17,148.01,372.46,746.93,425.59,484.39,226.29,170.53,322.86,110.69,2324.36,600.08,448.41,254.62,434.72,1034.15,2
1061.19,418.68,794.82,273.04,703.18,1227.00,103.79,158.54,87.66,72.62,145.66,61.27,1420.31,336.96,222.90,121.01,199.64,398.11,2
804.44,267.01,600.11,125.03,365.50,650.92,83.49,123.98,89.09,62.05,153.04,58.31,816.85,235.04,194.92,109.24,177.17,375.73,2
570.13,200.71,409.17,89.18,180.82,293.69,37.69,60.89,81.46,54.24,149.68,56.33,631.00,202.80,170.45,91.60,179.76,408.71,2
888.39,306.06,586.00,183.87,571.82,1224.88,82.33,99.84,57.64,52.40,134.24,53.37,1458.17,544.96,329.54,208.40,347.43,906.94,2
391.48,188.91,398.82,76.31,251.14,630.44,35.95,47.18,32.87,20.68,57.05,29.65,438.25,197.60,151.22,103.36,132.23,372.20,2
535.96,234.32,434.56,99.29,262.73,522.43,33.63,60.34,55.26,30.80,87.26,43.48,452.02,168.48,130.24,78.15,117.54,281.50,2
645.31,266.10,504.17,143.42,425.77,877.54,121.76,157.99,97.66,45.96,87.93,45.46,970.59,390.00,135.49,94.12,147.79,371.02,2
316.31,183.46,399.76,61.60,202.45,548.55,29.57,40.05,36.21,18.39,45.64,29.65,240.93,126.88,66.43,47.06,53.58,128.38,2
505.70,170.74,310.40,100.21,232.59,321.93,41.75,76.80,102.90,63.43,162.44,60.29,838.65,294.32,192.30,101.68,211.74,485.27,2
587.71,252.48,503.23,135.14,436.59,1009.56,112.49,130.56,63.84,53.78,133.57,52.38,892.57,327.60,267.47,169.75,248.90,659.59,1
407.10,188.91,401.64,153.53,491.46,1061.09,115.38,121.23,57.64,69.41,182.57,61.27,1825.30,645.84,455.41,288.23,515.09,1389.86,1
283.11,140.77,324.51,91.93,306.00,773.76,141.48,131.66,52.88,66.19,151.70,50.40,1046.30,342.16,316.42,200.00,319.77,882.20,1
385.62,163.48,320.75,79.98,207.09,441.95,56.82,78.45,54.79,45.04,112.09,42.50,813.41,325.52,205.41,133.61,241.13,685.51,2
335.83,134.41,257.73,80.90,228.73,462.42,93.93,100.94,50.02,53.32,93.30,36.57,1135.79,524.16,256.11,174.79,286.07,839.80,2
190.37,89.91,192.83,61.60,156.09,307.10,66.10,86.67,53.83,59.75,122.83,41.51,1047.45,364.00,265.73,162.18,304.22,811.53,2
225.52,108.98,204.11,74.47,166.91,285.92,84.07,135.50,143.87,83.65,154.38,56.33,1173.65,422.24,194.92,122.69,261.00,680.79,3
678.50,230.68,384.71,195.82,340.77,408.06,102.05,179.93,176.27,109.39,378.57,120.57,1703.69,401.44,325.16,157.98,343.11,783.27,3
1783.62,552.19,1059.13,315.33,856.96,1394.32,111.91,199.13,193.89,99.28,292.65,105.75,1554.54,439.92,282.33,159.66,310.26,705.53,3
858.13,275.18,489.12,228.00,591.14,1107.69,213.95,229.30,108.62,95.15,217.48,82.03,2652.47,838.24,477.26,297.48,538.43,1356.88,1
1112.93,360.56,648.08,180.19,571.82,1278.54,196.56,220.53,102.90,71.70,152.37,61.27,1278.05,388.96,269.22,168.91,285.20,712.60,1
651.16,225.23,394.12,165.48,517.73,1074.51,157.71,160.18,69.55,63.89,120.15,51.39,1119.73,447.20,256.11,166.39,260.14,685.51,1
730.24,261.56,439.27,218.80,575.68,1180.41,511.98,559.54,189.60,130.54,181.23,80.05,2409.25,505.44,277.96,162.18,290.39,658.41,2
379.76,134.41,192.83,160.88,325.32,417.94,211.63,339.56,236.77,136.97,279.90,95.86,1782.85,274.56,251.74,122.69,254.09,531.21,2
621.88,237.95,447.73,158.13,346.18,500.54,95.67,193.10,209.14,105.72,262.45,91.91,1224.13,286.00,239.50,120.17,246.31,531.21,2
715.60,276.09,508.87,185.71,418.05,667.16,113.64,193.65,241.06,106.64,328.90,106.73,2317.47,752.96,340.90,189.07,471.01,1130.73,3
1221.30,438.66,764.72,282.24,678.46,1020.15,114.80,196.94,183.41,61.13,165.12,72.14,1166.77,352.56,160.83,90.76,170.26,354.53,3
1367.74,532.21,990.46,323.61,768.09,1154.28,55.66,101.49,124.82,46.42,155.72,68.19,1083.02,352.56,166.08,93.28,177.17,360.42,3
1613.75,574.89,1151.31,448.64,1207.00,2120.07,337.46,401.00,194.37,103.88,283.93,114.64,1436.37,310.96,273.59,144.54,241.99,493.52,2
554.51,175.28,306.64,104.80,204.00,331.81,82.33,117.94,101.95,78.60,257.75,80.05,1545.36,449.28,380.23,214.28,495.21,1220.25,2
891.32,256.11,439.27,145.26,279.73,459.60,134.52,175.54,110.52,77.22,257.75,83.02,1708.28,463.84,402.96,230.25,484.84,1150.75,2
1410.69,506.78,934.97,271.21,934.23,1974.64,310.78,365.90,197.70,84.57,199.35,75.11,2256.67,724.88,283.21,189.92,383.73,931.67,2
822.98,306.97,584.12,237.19,758.05,1560.23,470.23,541.99,273.93,115.37,238.96,90.92,2600.85,685.36,291.07,181.51,370.76,837.45,2
1458.53,427.76,749.67,295.11,742.59,1306.07,361.81,501.94,312.51,142.03,349.71,116.62,2583.64,583.44,364.50,196.64,422.62,919.90,2
2014.02,653.00,1404.33,529.54,1635.09,3217.17,331.66,428.98,229.62,138.81,524.23,169.00,2544.63,530.40,501.73,273.95,523.73,1161.35,2
1076.81,427.76,902.99,281.32,858.50,1497.39,201.78,300.07,155.30,84.11,185.26,78.07,1336.56,280.80,213.28,121.01,195.32,409.89,2
504.72,178.92,323.57,109.40,252.68,461.71,158.29,217.78,144.35,103.88,291.31,90.92,1696.80,500.24,397.72,229.41,506.45,1371.01,2
1233.99,435.03,840.91,248.22,771.18,1616.70,165.25,201.87,104.33,74.00,185.93,72.14,1530.45,411.84,313.80,184.87,309.40,704.35,2
277.26,178.01,361.19,90.10,252.68,537.96,48.13,72.41,65.27,50.56,202.71,64.24,1161.03,353.60,349.64,208.40,451.14,1147.22,2
1001.64,373.27,739.32,279.48,796.68,1414.09,125.82,158.54,81.94,56.08,160.42,69.18,1167.91,335.92,261.36,152.10,232.48,532.39,2
663.85,238.86,436.44,105.72,187.77,259.80,19.13,38.95,47.64,14.71,48.33,35.58,189.30,62.40,62.06,33.61,28.52,43.58,2
754.65,281.54,562.49,127.79,336.14,649.51,32.47,60.89,51.93,17.01,51.68,37.55,256.99,72.80,76.05,42.02,35.43,55.36,2
314.35,147.13,283.12,73.55,154.55,272.51,23.19,41.14,41.45,13.33,42.96,33.60,157.18,48.88,56.82,31.93,25.93,43.58,2
580.87,287.90,605.75,187.55,652.18,1407.73,112.49,138.79,80.51,53.32,167.81,57.32,2146.53,657.28,366.25,234.45,464.97,1183.73,1
1048.50,395.98,753.43,216.04,642.14,1317.37,55.08,82.83,72.89,39.53,156.40,65.23,1505.21,464.88,291.95,181.51,334.46,849.23,1
1064.12,404.15,796.70,216.96,652.18,1290.54,49.86,69.12,47.64,31.72,94.64,46.45,1055.48,326.56,227.27,136.13,195.32,474.67,1
1997.42,790.13,1549.19,633.42,1594.14,2567.67,434.87,612.20,351.58,142.49,378.57,151.21,2575.61,604.24,343.52,194.96,362.12,760.89,2
645.31,201.62,360.25,137.90,220.23,300.75,393.70,456.96,225.33,97.90,202.04,82.03,1288.38,321.36,200.17,118.49,222.98,520.61,2
585.75,242.49,460.90,202.25,612.77,1211.47,92.77,150.86,138.15,79.98,273.19,92.90,2028.36,705.12,420.44,257.98,515.09,1326.25,2
555.49,256.11,534.27,150.77,457.46,1118.99,73.06,77.90,42.88,34.01,81.22,37.55,1139.23,445.12,241.25,166.39,262.73,731.44,2
853.25,335.13,621.74,159.97,446.64,1025.09,53.92,77.90,57.17,28.96,83.90,42.50,749.16,274.56,174.82,118.49,178.90,471.14,2
944.04,311.51,637.73,188.46,482.18,903.66,173.95,265.51,188.18,97.90,248.35,87.96,1723.19,414.96,297.19,163.86,331.01,744.40,2
498.87,191.63,246.44,70.79,103.55,215.33,42.33,65.28,42.40,52.40,98.67,58.31,597.72,175.76,208.91,122.69,178.90,644.28,2
875.70,303.34,599.17,154.45,358.55,655.86,124.66,172.25,95.76,45.04,131.56,63.25,417.60,68.64,111.01,53.78,72.60,111.90,2
549.63,219.78,492.88,111.24,318.36,624.80,193.66,241.37,112.91,56.08,107.40,50.40,582.81,99.84,114.51,62.18,87.29,136.63,2
1351.14,487.70,1010.22,353.95,1148.27,2154.66,407.61,458.06,216.28,111.69,257.75,97.84,2129.32,440.96,307.68,172.27,325.82,670.19,2
936.23,316.96,566.25,222.48,532.41,848.59,207.58,296.23,191.99,96.52,232.91,87.96,1349.18,262.08,256.11,131.09,248.90,501.76,2
769.29,316.05,504.17,227.08,349.27,444.77,69.58,146.47,172.45,85.03,259.09,95.86,814.56,167.44,178.32,86.55,170.26,346.29,2
966.49,297.89,627.39,139.74,343.09,645.98,123.50,201.33,243.44,90.55,226.20,82.03,1432.93,409.76,191.43,104.20,241.99,487.63,2
871.80,367.82,645.26,254.66,616.64,1029.33,240.63,351.63,225.81,59.75,146.33,73.13,855.86,161.20,104.89,56.30,93.34,143.70,2
988.95,348.75,615.16,202.25,445.86,638.92,186.70,276.48,214.85,83.65,178.55,71.16,1117.44,291.20,143.35,77.31,156.43,293.28,2
306.54,121.70,274.66,34.93,71.86,128.49,19.13,34.01,49.54,38.15,93.30,39.53,292.55,96.72,93.53,49.58,87.29,148.41,2
623.83,229.77,450.55,126.87,305.23,516.07,113.07,172.25,95.76,45.50,105.38,49.41,507.09,81.12,106.64,52.94,77.78,113.07,2
468.60,197.99,334.86,139.74,320.68,485.01,155.39,233.14,125.29,54.70,126.19,59.30,527.74,82.16,111.88,54.62,85.56,131.92,2
973.33,350.57,656.55,187.55,487.59,828.12,235.99,301.17,142.92,76.30,180.56,75.11,718.19,78.00,152.97,66.39,100.25,124.85,2
730.24,254.30,461.84,138.82,332.27,550.67,217.43,292.39,146.25,64.35,138.94,63.25,590.84,86.32,130.24,63.02,99.39,149.59,2
450.05,167.11,270.90,101.13,173.86,218.15,86.39,166.22,121.96,47.34,130.22,60.29,362.54,42.64,87.41,36.13,58.77,70.67,2
458.84,170.74,386.59,80.90,199.36,401.00,114.80,149.21,109.57,84.11,147.67,53.37,952.23,211.12,160.83,89.08,156.43,322.73,2
1169.56,397.79,733.68,262.01,733.32,1329.37,427.91,488.78,230.10,127.32,272.52,98.83,1357.21,175.76,232.51,106.72,184.08,302.71,2
733.17,271.55,442.09,175.59,263.50,278.16,117.12,222.72,220.09,90.09,240.30,94.87,706.71,130.00,141.60,71.43,133.96,250.88,2
1585.44,516.77,1044.08,355.78,1093.41,2338.93,465.02,505.78,234.86,147.08,326.21,112.66,2451.70,403.52,368.00,194.12,345.70,658.41,2
839.58,317.87,578.48,205.01,578.00,972.14,299.19,349.99,162.93,77.22,165.79,70.17,918.96,151.84,161.71,83.19,136.55,234.39,2
710.71,240.67,395.06,156.29,265.82,345.93,117.70,204.07,161.97,75.38,188.61,77.09,649.35,114.40,138.98,66.39,124.45,217.90,2
1990.59,624.84,1251.95,365.90,1055.55,1952.05,490.53,646.22,353.96,174.66,361.79,126.50,2230.28,358.80,357.51,178.15,315.45,567.72,2
1429.24,492.24,976.35,351.19,912.59,1644.24,247.58,323.66,165.79,95.15,232.24,91.91,1422.61,372.32,272.72,152.10,242.85,522.96,2
1048.50,324.23,616.10,165.48,385.59,693.28,129.88,190.35,152.92,86.87,264.46,84.99,1009.59,211.12,218.52,111.76,223.84,436.98,2
1535.65,479.53,888.88,296.03,880.14,1778.38,437.76,514.01,243.91,122.26,281.91,104.76,1619.94,352.56,307.68,169.75,285.20,561.83,2
183.54,119.88,301.94,50.56,163.05,396.76,100.89,119.59,56.21,66.19,116.12,39.53,904.04,239.20,191.43,111.76,193.59,462.89,2
354.38,147.13,298.17,105.72,248.82,449.71,123.50,179.38,119.57,96.06,204.05,68.19,1623.38,452.40,327.79,189.07,358.66,884.56,2
218.68,110.80,278.42,115.84,448.96,928.37,680.13,597.39,189.13,173.74,242.31,72.14,2483.83,444.08,278.84,148.74,305.08,591.28,1
125.94,71.75,158.02,64.35,209.41,475.83,304.99,274.29,88.13,82.74,104.04,39.53,1317.06,336.96,157.34,105.04,215.20,547.70,1
420.77,165.29,321.69,164.56,423.46,667.86,522.42,548.02,227.24,160.41,292.65,96.85,1739.25,331.76,262.23,137.81,265.32,590.10,1
499.84,179.82,388.47,124.11,371.68,795.64,305.57,314.88,128.15,129.16,230.90,68.19,1790.88,313.04,329.54,165.55,286.93,579.50,2
123.98,53.58,113.81,40.45,81.91,144.73,143.80,163.47,96.71,95.15,149.68,44.47,1326.24,362.96,230.76,141.18,274.83,637.21,2
177.68,67.21,129.80,48.72,91.18,139.08,85.23,119.04,99.57,107.10,279.90,71.16,1903.31,425.36,395.09,202.52,471.88,1117.77,3
229.42,108.08,216.34,84.58,234.14,479.36,375.72,357.67,121.00,109.85,147.00,52.38,1629.12,392.08,201.04,125.21,245.45,574.79,2
206.97,85.37,163.67,62.52,140.64,220.97,174.53,218.33,166.74,126.86,187.27,58.31,1784.00,321.36,215.90,116.81,251.50,532.39,2
344.62,145.31,309.46,87.34,297.50,695.39,441.82,426.79,166.74,126.86,174.52,58.31,2172.92,705.12,287.58,185.71,392.37,1003.52,2
328.02,153.49,297.23,110.32,322.23,874.01,376.30,366.44,121.48,125.02,224.19,77.09,1976.74,460.72,406.46,238.65,443.36,1142.51,2
152.30,89.00,203.17,66.19,228.73,512.54,190.18,185.42,70.03,79.52,157.07,46.45,1212.66,304.72,283.21,166.39,328.41,765.60,2
116.17,63.57,158.96,44.13,132.14,297.22,150.17,130.01,44.30,74.92,108.07,33.60,1323.94,315.12,236.01,142.02,263.60,639.57,2
213.80,96.27,201.29,95.61,260.41,489.95,441.82,426.79,169.12,134.67,186.60,62.26,1764.49,338.00,227.27,127.73,256.68,573.61,2
175.73,80.83,187.18,79.98,275.09,525.25,384.42,352.18,131.01,112.15,140.96,45.46,1570.60,348.40,181.81,105.88,235.94,482.92,2
226.49,98.09,201.29,81.82,236.45,480.07,246.42,274.29,111.95,103.42,165.79,53.37,1736.96,349.44,249.99,138.66,276.56,574.79,2
154.25,87.19,208.82,73.55,249.59,568.32,274.26,263.31,101.47,90.55,136.93,46.45,1426.05,400.40,211.53,131.09,253.22,604.23,2
122.03,66.30,148.62,45.97,123.64,289.45,130.46,125.62,51.93,68.03,98.67,33.60,1327.38,390.00,235.13,151.26,293.84,756.18,2
87.86,48.13,109.11,43.21,104.32,177.20,111.33,143.18,96.23,84.57,149.01,45.46,1095.64,262.08,192.30,115.13,229.03,570.08,2r